20200328 5441
20200329 6671
20200330 13584
20200331 21634
20200401 27901
20200402 32080
20200403 37543
20200404 38387
20200405 38069
20200406 41867
20200407 43596
20200408 45024
20200409 44684
20200410 44986
20200411 44150
20200412 44541
20200413 48913
20200414 52688
20200415 53441
20200416 53861
20200417 53100
20200418 51224
20200419 50846
20200420 55414
20200421 57738
20200422 55137
20200423 56996
20200424 58196
20200425 57933
20200426 58038
20200427 58138
20200428 58540
20200429 59310
20200430 57673
20200501 56735
20200502 55286
20200503 54156
20200504 56039
20200505 56682
20200506 54714
20200507 54180
20200508 54813
20200509 55998
20200510 49997
20200511 51803
20200512 60157
20200513 58513
20200514 56779
20200515 56111
20200516 53206
20200517 48268
20200518 49698
20200519 49512
20200520 49242
20200521 47626
20200522 46252
20200523 45334
20200524 43969
20200525 44471
20200526 46442
20200527 46749
20200528 47354
20200529 44568
20200530 42707
20200531 41358
20200601 42238
20200602 43660
20200603 44271
20200604 43882
20200605 44030
20200606 42130
20200607 40632
20200608 41386
20200609 42661
20200610 43026
20200611 42616
20200612 41513
20200613 38655
20200614 37224
20200615 45305
20200616 43610
20200617 43463
20200618 44026
20200619 44021
20200620 38724
20200621 40013
20200622 40501
20200623 41884
20200624 43284
20200625 43940
20200626 44084
20200627 43626
20200628 44542
20200629 46871
20200630 49409
20200701 50717
20200702 53546
20200703 54991
20200704 53036
20200705 53741
20200706 65116
20200707 64720
20200708 65103
20200709 65933
20200710 65218
20200711 60641
20200712 61721
20200713 62680
20200714 65811
20200715 73881
20200716 74254
20200717 74193
20200718 72257
20200719 71776
20200720 71362
20200721 74380
20200722 73240
20200723 69758
20200724 67921
20200725 72261
20200726 62189
20200727 67370
20200728 69850
20200729 66620
20200730 67050
20200731 65971
20200801 69426
20200802 68669
20200803 63841
20200804 63914
20200805 63088
20200806 61553
20200807 61217
20200808 58711
20200809 57959
20200810 58869
20200811 59455
20200812 59009
20200813 58364
20200814 55224
20200815 53645
20200816 53431
20200817 53450
20200818 52933
20200819 51960
20200820 50785
20200821 48582
20200822 48358
20200823 47931
20200824 48216
20200825 48511
20200826 47484
20200827 46285
20200828 44432
20200829 43250
20200830 42839
20200831 43115
20200901 43730
20200902 43306
20200903 42291
20200904 41511
20200905 40229
20200906 39206
20200907 39510
20200908 40313
20200909 41080
20200910 40083
20200911 39190
20200912 38250
20200913 37668
20200914 38195
20200915 38735
20200916 38143
20200917 36667
20200918 36340
20200919 35786
20200920 35234
20200921 36083
20200922 37381
20200923 36996
20200924 36991
20200925 36457
20200926 35933
20200927 35437
20200928 36948
20200929 38138
20200930 37959
20201001 37576
20201002 37516
20201003 37274
20201004 37781
20201005 39086
20201006 40974
20201007 41677
20201008 42216
20201009 41654
20201010 41300
20201011 41278
20201012 42616
20201013 43824
20201014 43760
20201015 43966
20201016 44294
20201017 45379
20201018 43882
20201019 45230
20201020 46442
20201021 47335
20201022 47293
20201023 47525
20201024 47726
20201025 48049
20201026 49747
20201027 51256
20201028 52950
20201029 52956
20201030 53969
20201031 53864
20201101 54472
20201102 56733
20201103 58466
20201104 60822
20201105 61827
20201106 63041
20201107 64311
20201108 65768
20201109 68086
20201110 72234
20201111 74826
20201112 76341
20201113 76993
20201114 77802
20201115 79891
20201116 83418
20201117 85903
20201118 88447
20201119 89208
20201120 90393
20201121 90700
20201122 92462
20201123 93995
20201124 96666
20201125 97928
20201126 96821
20201127 97754
20201128 99987
20201129 102394
20201130 104413
20201201 106896
20201202 108554
20201203 108099
20201204 108025
20201205 107253
20201206 108640
20201207 110147
20201208 112385
20201209 109912
20201210 115711
20201211 115853
20201212 115374
20201213 117715
20201214 118776
20201215 120536
20201216 122454
20201217 123204
20201218 121335
20201219 120281
20201220 121777
20201221 123133
20201222 127283
20201223 127763
20201224 125452
20201225 121582
20201226 123774
20201227 128343
20201228 129748
20201229 131661
20201230 133219
20201231 132159
20210101 129902
20210102 131304
20210103 134840
20210104 136524
20210105 138586
20210106 139781
20210107 138653
20210108 137174
20210109 135806
20210110 136086
20210111 135979
20210112 135676
20210113 135992
20210114 142315
20210115 132901
20210116 130147
20210117 129561
20210118 128650
20210119 127891
20210120 126488
20210121 123033
20210122 120896
20210123 116823
20210124 115808
20210125 113938
20210126 112890
20210127 111329
20210128 108094
20210129 104410
20210130 100899
20210131 99455
20210201 97752
20210202 97065
20210203 95867
20210204 93083
20210205 90485
20210206 87219
20210207 85836
20210208 83641
20210209 83383
20210210 80995
20210211 77829
20210212 74908
20210213 72255
20210214 70435
20210215 68661
20210216 68310
20210217 69995
20210218 65872
20210219 63962
20210220 61703
20210221 60828
20210222 60016
20210223 59369
20210224 58680
20210225 56501
20210226 54412
20210227 52500
20210228 51626
20210301 49962
20210302 49358
20210303 49052
20210304 47044
20210305 46305
20210306 44982
20210307 44208
20210308 43760
20210309 43482
20210310 43427
20210311 42692
20210312 42262
20210313 41457
20210314 40697
20210315 40688
20210316 41107
20210317 41190
20210318 40612
20210319 40380
20210320 39229
20210321 39145
20210322 39583
20210323 40185
20210324 40717
20210325 40522
20210326 40714
20210327 39919
20210328 40323
20210329 40797
20210330 41311
20210331 41720
20210401 41546
20210402 41313
20210403 40919
20210404 41517
20210405 42427
20210406 43804
20210407 44307
20210408 44354
20210409 44319
20210410 43704
20210411 44470
20210412 45386
20210413 45827
20210414 46204
20210415 45545
20210416 45835
20210417 45097
20210418 45590
20210419 46487
20210420 46579
20210421 46345
20210422 45284
20210423 44632
20210424 43198
20210425 42847
20210426 43557
20210427 43438
20210428 43080
20210429 41919
20210430 41031
20210501 39592
20210502 39532
20210503 39836
20210504 39805
20210505 39440
20210506 38448
20210507 37622
20210508 36145
20210509 35446
20210510 35436
20210511 35255
20210512 34884
20210513 33942
20210514 32795
20210515 31515
20210516 31154
20210517 30928
20210518 30654
20210519 30709
20210520 29358
20210521 28849
20210522 27830
20210523 27389
20210524 27462
20210525 27458
20210526 26989
20210527 26348
20210528 25618
20210529 24534
20210530 23745
20210531 23599
20210601 23893
20210602 23771
20210603 23222
20210604 22239
20210605 21298
20210606 20958
20210607 20659
20210608 20761
20210609 20551
20210610 19863
20210611 19227
20210612 18724
20210613 18515
20210614 18599
20210615 18515
20210616 18309
20210617 17675
20210618 17634
20210619 16983
20210620 17012
20210621 16879
20210622 17045
20210623 17171
20210624 16880
20210625 16902
20210626 16782
20210627 16415
20210628 16497
20210629 16971
20210630 17192
20210701 17214
20210702 18521
20210703 17012
20210704 17306
20210705 17491
20210706 18213
20210707 19242
20210708 19615
20210709 19810
20210710 20201
20210711 20724
20210712 21693
20210713 22647
20210714 23662
20210715 24400
20210716 25189
20210717 25811
20210718 26897
20210719 28553
20210720 30442
20210721 31890
20210722 33365
20210723 34960
20210724 36050
20210725 38021
20210726 40611
20210727 43342
20210728 45523
20210729 47279
20210730 49700
20210731 51503
20210801 53531
20210802 57007
20210803 59934
20210804 62271
20210805 64970
20210806 67348
20210807 68844
20210808 71720
20210809 75357
20210810 78103
20210811 80494
20210812 82579
20210813 84213
20210814 84971
20210815 86985
20210816 89532
20210817 92144
20210818 94016
20210819 95139
20210820 95920
20210821 95988
20210822 98067
20210823 100270
20210824 101780
20210825 102544
20210826 102151
20210827 101932
20210828 100776
20210829 101868
20210830 103189
20210831 105098
20210901 103860
20210902 103781
20210903 102472
20210904 100797
20210905 100999
20210906 101721
20210907 102569
20210908 102757
20210909 102090
20210910 100858
20210911 98267
20210912 97647
20210913 98232
20210914 96889
20210915 95564
20210916 94367
20210917 92660
20210918 90258
20210919 89452
20210920 89503
20210921 88520
20210922 86814
20210923 85321
20210924 83456
20210925 80846
20210926 80366
20210927 79827
20210928 78732
20210929 76861
20210930 74881
20211001 73059
20211002 70761
20211003 70143
20211004 70445
20211005 69804
20211006 68241
20211007 67269
20211008 65545
20211009 64007
20211010 63495
20211011 63675
20211012 62862
20211013 61803
20211014 60386
20211015 59076
20211016 57619
20211017 57055
20211018 57269
20211019 56362
20211020 54856
20211021 54024
20211022 53013
20211023 52003
20211024 51546
20211025 52031
20211026 51517
20211027 50839
20211028 50026
20211029 49054
20211030 48198
20211031 47920
20211101 48329
20211102 48936
20211103 47724
20211104 46919
20211105 46581
20211106 45785
20211107 45826
20211108 46739
20211109 47405
20211110 47503
20211111 47326
20211112 47168
20211113 47003
20211114 47410
20211115 48586
20211116 49957
20211117 49970
20211118 50698
20211119 50617
20211120 50304
20211121 50979
20211122 52383
20211123 53377
20211124 52940
20211125 52802
20211126 53663
20211127 55184
20211128 56391
20211129 57696
20211130 58748
20211201 59108
20211202 59559
20211203 60247
20211204 60294
20211205 61340
20211206 63380
20211207 65174
20211208 66023
20211209 66987
20211210 67467
20211211 66830
20211212 67837
20211213 69024
20211214 69607
20211215 69805
20211216 69597
20211217 69460
20211218 68320
20211219 68993
20211220 69948
20211221 70877
20211222 72003
20211223 72357
20211224 72245
20211225 72654
20211226 76414
20211227 81768
20211228 87555
20211229 93506
20211230 97912
20211231 101855
20220101 104311
20220102 110543
20220103 116257
20220104 122976
20220105 129716
20220106 134716
20220107 138317
20220108 138051
20220109 138414
20220110 140448